1,0.017669
2,0.031077
3,0.029644
4,0.018786
5,0.02827
6,0.02621
7,0.028609
8,0.031941
9,0.018167
10,0.016794
11,0.03008
13,0.018707
14,0.025392
15,0.031213
16,0.029732
17,0.025135
18,0.027338
19,0.021023
20,0.029584
21,0.022455
22,0.023632
23,0.032623
24,0.027111
25,0.031594
26,0.021414
27,0.024177
28,0.015378
29,0.014919
30,0.014766
31,0.017496
32,0.017458
33,0.015913
34,0.024192
35,0.015818
37,0.0178
38,0.021775
39,0.01586
40,0.021923
41,0.024435
42,0.020499
43,0.026765
44,0.018494
45,0.025339
46,0.022911
47,0.013349
48,0.028833
49,0.027696
50,0.016834
51,0.015336
52,0.022854
53,0.016334
54,0.01402
55,0.026612
56,0.015254
57,0.017551
