1,0.015681
2,0.018174
3,0.016369
4,0.012824
5,0.024645
6,0.013397
7,0.014645
8,0.015796
10,0.026745
11,0.027918
12,0.018937
13,0.02473
14,0.026098
15,0.023703
16,0.024813
17,0.027791
18,0.02812
19,0.026189
20,0.026165
21,0.030295
22,0.030421
23,0.027728
25,0.025745
26,0.027254
27,0.030706
28,0.02586
29,0.020781
30,0.026321
31,0.028689
32,0.032177
33,0.02746
34,0.030497
35,0.024303
36,0.022343
37,0.027025
38,0.030194
39,0.02573
40,0.019479
41,0.027733
42,0.031322
43,0.027432
44,0.020233
45,0.018337
46,0.030026
48,0.025529
49,0.019314
50,0.030493
51,0.029594
52,0.022016
53,0.019994
54,0.027125
55,0.018316
56,0.020137
57,0.032336
58,0.027221
59,0.021355
60,0.022334
61,0.035395
62,0.026111
63,0.019504
65,0.024285
66,0.030768
67,0.025067
68,0.028314
69,0.025243
70,0.026032
71,0.03067
72,0.026674
73,0.027692
74,0.029902
75,0.030349
76,0.025452
78,0.02694
79,0.025212
80,0.033341
81,0.028615
82,0.025432
83,0.026571
84,0.022208
85,0.033438
86,0.030527
87,0.029418
88,0.030143
89,0.026809
90,0.023419
91,0.026592
92,0.026439
93,0.027767
94,0.019569
96,0.025702
97,0.030145
98,0.027313
99,0.027142
100,0.026748
101,0.023207
102,0.01993
103,0.025006
104,0.028464
105,0.027675
106,0.03155
107,0.031074
108,0.024304
109,0.031036
110,0.027412
111,0.035305
112,0.01995
113,0.019004
114,0.031343
115,0.030384
116,0.020817
117,0.024766
118,0.029038
119,0.018886
120,0.03256
